# z (nm)   Potential (meV)   ψ1^2 offset (meV)   ψ2^2 offset (meV)
-30.0	402.7768660591289	26.042889706206388	82.01569823234276
-29.94	402.5366630915378	26.0428897139189	82.01569823406584
-29.88	402.2964578848877	26.04288972625834	82.01569823688588
-29.82	402.0562504093623	26.04288972594828	82.01569823695372
-29.76	401.8160406346794	26.04288971342252	82.01569823416976
-29.7	401.57582853008216	26.0428897062189	82.01569823234433
-29.64	401.335614064331	26.042889714424355	82.01569823403203
-29.58	401.0953972056948	26.04288972654894	82.01569823704024
-29.52	400.8551779219417	26.04288972561173	82.0156982373608
-29.46	400.6149561803305	26.042889712922616	82.01569823456954
-29.4	400.37473194760094	26.042889706258375	82.01569823238498
-29.34	400.1345051899645	26.042889714973636	82.01569823363357
-29.28	399.8942758730947	26.04288972688978	82.01569823645283
-29.22	399.6540439621174	26.04288972533228	82.01569823688237
-29.16	399.4138094216004	26.042889712477795	82.01569823431171
-29.1	399.17357221554335	26.04288970631879	82.0156982323556
-29.04	398.93333230736744	26.042889715477315	82.01569823392872
-28.98	398.6930896599046	26.042889727125633	82.01569823719676
-28.92	398.4528442353863	26.042889724943	82.01569823794148
-28.86	398.2125959954328	26.042889711981932	82.01569823519294
-28.8	397.9723449010417	26.042889706415178	82.01569823252308
-28.74	397.73209091257604	26.0428897160894	82.01569823324327
-28.68	397.4918339897529	26.042889727508822	82.01569823600666
-28.62	397.2515740916306	26.042889724703336	82.0156982367693
-28.56	397.011311176597	26.042889711591748	82.01569823441925
-28.5	396.7710452023567	26.042889706518185	82.01569823237084
-28.44	396.5307761259177	26.042889716578134	82.01569823389116
-28.38	396.2905039035789	26.042889727673	82.01569823749175
-28.32	396.05022849091597	26.042889724247363	82.01569823871684
-28.26	395.80994984276805	26.04288971109543	82.01569823601511
-28.2	395.5696679132234	26.042889706679617	82.01569823279642
-28.14	395.3293826556053	26.042889717272015	82.0156982328827
-28.08	395.08909402245723	26.04288972812224	82.01569823549507
-28.02	394.848801965528	26.042889724067404	82.01569823654827
-27.96	394.6085064357562	26.04288971076777	82.01569823444063
-27.9	394.3682073832548	26.042889706816197	82.01569823237709
-27.84	394.1279047572951	26.042889717721128	82.01569823396242
-27.78	393.88759850629015	26.042889728182807	82.01569823802696
-27.72	393.64728857777845	26.042889723518464	82.01569823982652
-27.66	393.40697491840666	26.042889710262354	82.01569823717132
-27.6	393.1666574739121	26.042889707057057	82.01569823329108
-27.54	392.9263361891052	26.042889718530567	82.0156982325651
-27.48	392.6860110078508	26.04288972873984	82.01569823486703
-27.42	392.4456818730499	26.042889723432637	82.01569823613768
-27.36	392.20534872662057	26.042889710010073	82.01569823430773
-27.3	391.96501150947836	26.042889707210566	82.01569823236291
-27.24	391.72467016151637	26.042889718896948	82.01569823421978
-27.18	391.4843246215851	26.042889728642166	82.01569823897553
-27.12	391.2439748274712	26.042889722746754	82.0156982415096
-27.06	391.00362071587676	26.042889709482203	82.01569823890385
-27.0	390.763262222397	26.042889707556725	82.01569823418329
-26.94	390.5228992814983	26.042889719880126	82.01569823235887
-26.88	390.28253182649553	26.042889729377457	82.01569823408794
-26.82	390.0421597895282	26.042889722811484	82.01569823544708
-26.76	389.80178310153747	26.04288970932398	82.01569823394539
-26.7	389.5614016922408	26.04288970769616	82.01569823234276
-26.64	389.32101549010775	26.042889720089804	82.01569823482355
-26.58	389.08062442233427	26.042889729030687	82.0156982406577
-26.52	388.8402284148165	26.042889721917774	82.01569824420103
-26.46	388.599827392124	26.04288970875497	82.01569824166577
-26.4	388.3594212774726	26.04288970819405	82.01569823583493
-26.34	388.11900999269614	26.04288972134541	82.0156982324633
-26.28	387.87859345821823	26.042889730060658	82.01569823319355
-26.22	387.63817159302266	26.042889722223034	82.01569823441842
-26.16	387.39774431462337	26.042889708715972	82.01569823331764
-26.1	387.157311539034	26.042889708262447	82.01569823242916
-26.04	386.91687318073616	26.04288972127334	82.01569823613146
-25.98	386.67642915264753	26.042889729316308	82.01569824370254
-25.92	386.4359793660886	26.042889721009836	82.01569824873165
-25.86	386.1955237307493	26.04288970808201	82.01569824633836
-25.8	385.9550621546542	26.04288970899478	82.0156982390035
-25.74	385.7145945441272	26.04288972296704	82.0156982333921
-25.68	385.47412080375534	26.04288973083101	82.01569823244306
-25.62	385.23364083635175	26.042889721696977	82.01569823316284
-25.56	384.99315454291747	26.042889708193687	82.01569823257688
-25.5	384.7526618226027	26.04288970888936	82.01569823302887
-25.44	384.5121625726671	26.04288972240371	82.01569823896982
-25.38	384.2716566884383	26.042889729448515	82.01569824940431
-25.32	384.0311440632711	26.042889719990555	82.01569825675669
-25.26	383.7906245885035	26.04288970746799	82.01569825469925
-25.2	383.55009815341344	26.042889710002495	82.01569824530986
-25.14	383.3095646451738	26.042889724812383	82.01569823641039
-25.08	383.06902394880586	26.042889731756684	82.01569823271794
-25.02	382.8284759471326	26.042889721280147	82.01569823234401
-24.96	382.58792052072954	26.04288970776592	82.01569823248018
-24.9	382.34735754787584	26.04288970954061	82.01569823535006
-24.84	382.1067869045029	26.042889723408997	82.01569824527932
-24.78	381.86620846414223	26.042889729348513	82.01569826052592
-24.72	381.6256220978721	26.042889718812738	82.01569827169848
-24.66	381.38502767426263	26.042889706925656	82.01569827045365
-24.6	381.1444250593196	26.042889711292133	82.01569825829476
-24.54	380.9038141164265	26.04288972699431	82.01569824456705
-24.48	380.6631947062858	26.042889732950425	82.01569823651982
-24.42	380.422566686858	26.042889721047693	82.01569823418029
-24.36	380.18192991329937	26.04288970744307	82.01569823547561
-24.3	379.9412842378985	26.042889710153645	82.01569824267108
-24.24	379.70062951001034	26.042889724173207	82.01569825964873
-24.18	379.4599655759895	26.04288972889509	82.0156982831338
-24.12	379.21929227912074	26.042889717410237	82.01569830085715
-24.06	378.97860945954903	26.042889706486772	82.0156983015429
-24.0	378.73791695420636	26.04288971299551	82.01569828582598
-23.94	378.49721459673754	26.042889729705006	82.01569826512464
-23.88	378.2565022174238	26.042889734601744	82.01569825040899
-23.82	378.01577964310434	26.04288972112359	82.01569824495857
-23.76	377.7750466970956	26.04288970724006	82.01569824842855
-23.7	377.53430319910893	26.042889710625765	82.01569826344645
-23.64	377.2935489651656	26.042889724513927	82.01569829294388
-23.58	377.0527838075097	26.042889727906893	82.01569833081886
-23.52	376.8120075345185	26.042889715697896	82.01569836019328
-23.46	376.57121995061095	26.042889706227218	82.01569836537223
-23.4	376.33042085615284	26.04288971534999	82.01569834561963
-23.34	376.0896100473606	26.042889733277377	82.01569831525903
-23.28	375.8487873162011	26.042889737034784	82.01569829086914
-23.22	375.60795245028964	26.042889721719398	82.01569828118484
-23.16	375.3671052327852	26.042889707187342	82.01569828929482
-23.1	375.1262454422821	26.042889710800058	82.0156983187927
-23.04	374.88537285269945	26.042889724157234	82.01569837085958
-22.98	374.644487233167	26.042889726127562	82.01569843444877
-22.92	374.40358834790817	26.042889713587336	82.01569848525324
-22.86	374.1626759561196	26.042889706324647	82.01569850074196
-22.8	373.9217498118475	26.04288971879452	82.01569847795272
-22.74	373.6808096638607	26.04288973830158	82.01569843538897
-22.68	373.43985525551955	26.042889740819003	82.01569839825751
-22.62	373.1988863246418	26.042889723214365	82.01569838437904
-22.56	372.95790260336406	26.042889707367536	82.01569840317973
-22.5	372.7169038180002	26.04288971046419	82.01569846032261
-22.44	372.4758896888949	26.04288972272279	82.01569855398571
-22.38	372.2348599302731	26.042889723232246	82.0156986647315
-22.32	371.99381425008585	26.0428897110481	82.01569875623595
-22.26	371.7527523498509	26.042889707191723	82.01569879519636
-22.2	371.51167392448906	26.042889724168166	82.0156987749813
-22.14	371.2705786621559	26.042889745858417	82.01569872025127
-22.08	371.0294662440687	26.042889746994113	82.01569866970225
-22.02	370.78833634432755	26.042889726332362	82.01569865622825
-21.96	370.5471886297323	26.0428897080255	82.01569870050751
-21.9	370.3060227595937	26.042889709405618	82.01569881225159
-21.84	370.06483838553817	26.042889719766187	82.01569898469157
-21.78	369.82363515130874	26.042889718915674	82.01569918441545
-21.72	369.58241269255785	26.042889708294837	82.01569935562847
-21.66	369.3411706366357	26.042889709788703	82.01569944785058
-21.6	369.09990860237144	26.04288973313449	82.01569944837091
-21.54	368.8586261998479	26.042889758004744	82.01569939111847
-21.48	368.61732303016987	26.042889757546593	82.0156993361559
-21.42	368.3759986852248	26.04288973254812	82.01569934134032
-21.36	368.13465274743703	26.042889709878082	82.01569944689282
-21.3	367.89328478951404	26.042889707649437	82.01569967008608
-21.24	367.65189437418485	26.042889715016926	82.01569999621915
-21.18	367.4104810539309	26.042889713227087	82.01570036889815
-21.12	367.16904437070815	26.042889706305292	82.01570070077376
-21.06	366.9275838556609	26.042889716365135	82.01570091378181
-21.0	366.6860990288269	26.042889749122562	82.01570098515779
-20.94	366.44458939883293	26.04288977883003	82.01570096307839
-20.88	366.20305446258095	26.042889776469448	82.01570094182757
-20.82	365.9614937049248	26.04288974505468	82.01570102060344
-20.76	365.7199065983362	26.04288971495411	82.01570127314542
-20.7	365.4782926025606	26.042889706219622	82.01570173049161
-20.64	365.2366511642621	26.04288970918612	82.01570236549193
-20.58	364.9949817166569	26.042889707586696	82.01570308430965
-20.52	364.75328367913517	26.042889708186255	82.01570374850989
-20.46	364.51155645687084	26.042889732238567	82.01570423559752
-20.4	364.26979944041875	26.042889779475356	82.01570450630655
-20.34	364.028012005299	26.04288981683745	82.0157046311858
-20.28	363.7861935115673	26.04288981219792	82.01570475988191
-20.22	363.54434330337233	26.042889771109476	82.01570506016164
-20.16	363.30246070849745	26.04288972880936	82.01570566287612
-20.1	363.06054503788835	26.04288970931949	82.01570662378903
-20.04	362.81859558516487	26.042889706330616	82.01570789661552
-19.98	362.5766116261159	26.04288970760617	82.01570932700056
-19.92	362.33459241817917	26.04288972268186	82.0157106939897
-19.86	362.09253719990204	26.04288977009264	82.01571180353551
-19.8	361.85044519038536	26.042889840467097	82.01571258963087
-19.74	361.60831558870797	26.04288989046242	82.01571315875738
-19.68	361.36614757333234	26.04288988335248	82.01571375101237
-19.62	361.1239403014897	26.042889827789487	82.01571464824264
-19.56	360.8816929085442	26.04288976625666	82.01571607839598
-19.5	360.639404507336	26.042889730226964	82.01571814140917
-19.44	360.39707418750083	26.042889720298476	82.015720762319
-19.38	360.15470101476717	26.04288973055054	82.01572368973156
-19.32	359.9122840302283	26.042889773041683	82.01572656988854
-19.26	359.66982224958946	26.042889860424317	82.01572909388351
-19.2	359.42731466238877	26.042889969222696	82.01573115318992
-19.14	359.1847602311909	26.04289004112595	82.01573291344994
-19.08	358.942157890752	26.042890032508083	82.01573476408478
-19.02	358.6995065471557	26.042889956180783	82.01573717764938
-18.96	358.45680507691793	26.04288986597887	82.01574054738361
-18.9	358.21405232606025	26.04288980671001	82.0157450521999
-18.84	357.97124710914983	26.042889791638345	82.01575057568165
-18.78	357.7283882083049	26.0428898245522	82.01575671227252
-18.72	357.4854743721645	26.042889919212058	82.01576289567204
-18.66	357.24250431482045	26.04289007702488	82.01576863378382
-18.6	356.999476714711	26.04289025234986	82.01577375234154
-18.54	356.7563902134733	26.0428903645212	82.01577851709267
-18.48	356.51324341475447	26.042890359536546	82.0157835668597
-18.42	356.27003488297817	26.042890256408278	82.01578969514698
-18.36	356.0267631420656	26.04289012738847	82.01579757784532
-18.3	355.78342667410914	26.042890040481154	82.01580753588965
-18.24	355.5400239179956	26.04289003091711	82.01581939643123
-18.18	355.29655326797865	26.04289011723731	82.01583251194614
-18.12	355.0530130721967	26.042890312973604	82.01584597875153
-18.06	354.8094016311342	26.042890599237058	82.01585901562584
-18.0	354.5657171960257	26.042890895203158	82.01587135097031
-17.94	354.32195796719657	26.04289108622373	82.01588342504398
-17.88	354.07812209234214	26.04289110278872	82.01589629883927
-17.82	353.8342076647384	26.042890974047005	82.01591131080782
-17.76	353.59021272138415	26.04289080280347	82.01592962384385
-17.7	353.3461352410704	26.042890696711286	82.01595181689024
-17.64	353.1019731423737	26.042890727962142	82.01597764874376
-17.58	352.85772428157094	26.0428909373551	82.01600609852989
-17.52	352.61338645047056	26.042891334198938	82.01603573342199
-17.46	352.3689573741584	26.042891864113507	82.01606532318125
-17.4	352.1244347086522	26.0428923900743	82.01609446231944
-17.34	351.879816038463	26.042892745224478	82.0161239050325
-17.28	351.63509887405655	26.042892837196675	82.0161554381355
-17.22	351.39028064921274	26.042892712831133	82.01619133584353
-17.16	351.1453587182764	26.042892526322547	82.01623360907786
-17.1	350.9003303532953	26.04289245237471	82.01628331199548
-17.04	350.6551927410404	26.04289262432335	82.01634014260587
-16.98	350.40994297990227	26.042893116425255	82.01640251852689
-16.92	350.16457807665745	26.04289392605948	82.01646819179254
-16.86	349.9190949431004	26.04289493800044	82.01653525197668
-16.8	349.67349039253247	26.042895925193868	82.01660313478015
-16.74	349.4277611361028	26.042896640204674	82.01667317734703
-16.68	349.18190377899236	26.04289695773991	82.01674843686662
-16.62	348.9359148164359	26.042896956765478	82.01683281674107
-16.56	348.68979062957123	26.042896878701672	82.01692982464743
-16.5	348.44352748110947	26.04289701097993	82.01704140456636
-16.44	348.19712151081694	26.042897587196173	82.01716726475537
-16.38	347.95056873079847	26.042898731894926	82.01730501214016
-16.32	347.70386502057363	26.042900416353074	82.01745117720532
-16.26	347.45700612193497	26.042902422527106	82.01760285947276
-16.2	347.2099876335766	26.042904379180346	82.01775937419136
-16.14	346.9628050054832	26.042905914629547	82.01792317435414
-16.08	346.7154535330655	26.04290685788134	82.01809958562252
-16.02	346.4679283510307	26.042907347544062	82.01829539441458
-15.96	346.220224426973	26.042907774137685	82.01851679313064
-15.9	345.97233655467056	26.042908614241853	82.01876742232898
-15.84	345.724259347074	26.042910265366153	82.01904724414665
-15.78	345.47598722896885	26.04291292801789	82.01935277548947
-15.72	345.22751442929604	26.042916522332558	82.01967879625117
-15.66	344.9788349731122	26.042920658692623	82.02002106134273
-15.6	344.7299426731698	26.04292473578448	82.02037900578419
-15.54	344.4808311210976	26.04292819162175	82.02075727816333
-15.48	344.2314936781593	26.042930795747186	82.02116534387658
-15.42	343.98192346556783	26.042932798942967	82.02161518618858
-15.36	343.73211335433064	26.04293484838184	82.02211790163722
-15.3	343.48205595460047	26.042937738521108	82.02268042570645
-15.24	343.2317436045042	26.0429421354184	82.02330364949523
-15.18	342.98116835842006	26.042948355816453	82.02398282293689
-15.12	342.7303219746739	26.042956226235514	82.02471040855981
-15.06	342.4791959026192	26.04296507450094	82.02548057420906
-15.0	342.2277812690685	26.042973934939635	82.02629366251406
-14.94	341.9760688640365	26.042981958158467	82.02715874623445
-14.88	341.7240491257579	26.04298884587383	82.02809301854792
-14.82	341.47171212493504	26.04299506188904	82.02911802016122
-14.76	341.21904754817257	26.0430016988702	82.03025398220423
-14.7	340.9660446805503	26.043010088286458	82.03151435203323
-14.64	340.7126923872833	26.043021339377635	82.03290265149796
-14.58	340.4589790944148	26.043035951181643	82.03441318152996
-14.52	340.20489276848366	26.043053588056033	82.03603581296156
-14.46	339.95042089510446	26.043073119973172	82.03776347349752
-14.4	339.69555045639424	26.04309301178358	82.03959957593341
-14.34	339.4402679071739	26.043111990847297	82.0415622853339
-14.28	339.1845591498698	26.043129706309532	82.04368355179125
-14.22	338.9284095080337	26.043147030508983	82.04600286303946
-14.16	338.67180369839417	26.043165837777774	82.04855780305374
-14.1	338.41472580134695	26.043188375170345	82.05137488743252
-14.04	338.1571592297844	26.04321649279985	82.05446433239268
-13.98	337.89908669615716	26.043250987279027	82.0578213153374
-13.92	337.64049017765393	26.043291257963023	82.06143408209428
-13.86	337.3813508793758	26.043335449331753	82.06529651703327
-13.8	337.12164919537344	26.043381155388595	82.06942056922801
-13.74	336.86136466740555	26.043426507780644	82.07384339188393
-13.68	336.6004759412655	26.043471189031813	82.07862574050824
-13.62	336.3389607205127	26.04351686434254	82.08384150977311
-13.56	336.0767957174321	26.04356679888926	82.08956187161729
-13.5	335.81395660103084	26.04362482200645	82.09583988395623
-13.44	335.5504179418685	26.043694046053304	82.10270180325296
-13.38	335.28615315349873	26.04377578133834	82.11014942919279
-13.32	335.02113443028463	26.043869026897642	82.1181739980211
-13.26	334.7553326813302	26.043970815942995	82.12677750109911
-13.2	334.488717460249	26.04407745933235	82.13599363343268
-13.14	334.22125689047107	26.0441863214311	82.14589974678351
-13.08	333.9529175857605	26.044297391272483	82.15661401880476
-13.02	333.68366456559255	26.044413895609882	82.16827763399773
-12.96	333.41346116500904	26.0445416181775	82.18102785480637
-12.9	333.1422689385363	26.044687171833242	82.19497203156935
-12.84	332.8700475577188	26.044855872924458	82.21017325189788
-12.78	332.5967547017788	26.04504997846702	82.22665497940699
-12.72	332.3223459408732	26.04526795940405	82.24442537100772
-12.66	332.04677461137	26.045505240650318	82.26351399414742
-12.6	331.7699916825178	26.04575636835571	82.2840075058643
-12.54	331.4919456138242	26.04601791272302	82.30606959045086
-12.48	331.21258220239696	26.046290914140865	82.32993538419458
-12.42	330.9318444194356	26.046581730274024	82.35588021356226
-12.36	330.6496722349839	26.046900800411937	82.38417299157105
-12.3	330.3660024299715	26.047259735702507	82.41503189058557
-12.24	330.0807683944828	26.04766780470836	82.44860098378666
-12.18	329.793899911087	26.04812911499928	82.484960450688
-12.12	329.5053229219542	26.04864163751255	82.52417098217092
-12.06	329.21495927835457	26.049198714278837	82.56633893995301
-12.0	328.92272647100395	26.049792819556117	82.61167820232968
-11.94	328.6285373395604	26.05042030793042	82.6605427851177
-11.88	328.3322997594103	26.05108520489473	82.71341342432802
-11.82	328.0339163036889	26.0518002876746	82.77083866316089
-11.76	327.7332838782708	26.0525847803055	82.8333500509924
-11.7	327.43029332722625	26.053459400058085	82.90138431637607
-11.64	327.1248290059766	26.054440577309403	82.9752471533949
-11.58	326.816768319084	26.055536075739184	83.05514141514435
-11.52	326.50598121927794	26.056743919303635	83.14125932497376
-11.46	326.1923296639492	26.0580555169066	83.23391090485279
-11.4	325.8756670249192	26.059462288280837	83.33363985482492
-11.34	325.55583744682224	26.060963418794657	83.44127384276244
-11.28	325.232675148903	26.062571451631143	83.55787305427675
-11.22	324.9060036644296	26.064312938480278	83.68457454059445
-11.16	324.5756350112403	26.066223225633205	83.82236881510934
-11.1	324.24136878616963	26.068336806869215	83.97187549132374
-11.04	323.9029911752218	26.07067653654678	84.13319524995116
-10.98	141.86027387036057	26.07324575783649	84.30590001924693
-10.92	141.51297288265056	26.07602683718563	84.48918297713091
-10.86	141.160827240183	26.078987669005482	84.68213493652726
-10.8	140.8035575577388	26.08209472684322	84.8840628955572
-10.74	140.44086446343792	26.085328192106587	85.0947422080958
-10.68	140.0724268656731	26.088693129134608	85.31451043289687
-10.62	139.69790004137744	26.092221728235113	85.54416581919341
-10.56	139.3169135240848	26.09596507676415	85.78470621961752
-10.5	138.92906876724655	26.099977181568	86.03700610069058
-10.44	138.53393655479923	26.104297178813532	86.30155572180938
-10.38	138.1310541269489	26.108936648195442	86.57836653615003
-10.32	137.71992198444832	26.113877437456345	86.86708602142814
-10.26	137.3000003291714	26.119081785592616	87.16728383751322
-10.2	136.87070509238453	26.124511771423208	87.47879928601616
-10.14	136.43140349460225	26.130150883522642	87.80200735972201
-10.08	135.98140907207312	26.136018824533046	88.1378844475538
-10.02	135.51997609451007	26.14217275305544	88.48782974185745
-9.96	135.04629328632834	26.148693433972536	88.85329676345474
-9.9	134.55947674899042	26.155660953092244	89.23537203870846
-9.84	134.05856196458592	26.163129130339406	89.63447073161736
-9.78	133.54249473988543	26.17110883715316	90.05028600936696
-9.72	133.01012092505087	26.179567702439847	90.48203802462882
-9.66	132.46017471100436	26.188447889682724	90.92894998622198
-9.6	131.89126527298038	26.197696459352848	91.39077754962544
-9.54	131.3018614835031	26.207296958359734	91.86817756694458
-9.48	130.69027436406054	26.217289140556268	92.36274698568867
-9.42	130.0546368786652	26.227767544106214	92.87668220326778
-9.36	129.39288059121833	26.23885782696157	93.41216008168266
-9.3	128.70270860814355	26.250678874877295	93.97066471130549
-9.24	127.98156410297892	26.26330495846503	94.5525278008978
-9.18	127.22659356379022	26.276743202497716	95.1568919257802
-9.12	126.43460370857835	26.290936859314183	95.78215790427825
-9.06	125.60201076665217	26.305795613092634	96.42678812704732
-9.0	124.72478050971982	26.321243249196797	97.09017727113638
-8.94	123.79835701443335	26.337264671418524	97.77324025819412
-8.88	122.81757762019166	26.35393254692491	98.47844306033251
-8.82	121.77657087385329	26.37140053706107	99.20919920516617
-8.76	120.66863337390771	26.389862951156196	99.96880402622836
-8.7	119.48608026736976	26.40949447221916	100.75928352860004
-8.64	118.22006261043153	26.430392691963863	101.58061089286348
-8.58	116.86034273294686	26.452546971148834	102.43065013125258
-8.52	115.39501593793563	26.475848951847432	103.30594035398224
-8.46	113.8101630165222	26.50014500347482	104.20311024858191
-8.4	112.08941271857086	26.525313697403373	105.12042719281428
-8.34	110.21338582145525	26.551338765464976	106.05886113116335
-8.28	108.1589817704608	26.578346254605332	107.02215588790855
-8.22	105.89845346175875	26.606586156330433	108.01573529162522
-8.16	103.39819314998356	26.636359940170333	109.04471719102439
-8.1	100.61711876127507	26.66791774134246	110.11169937534056
-8.04	97.50449866024397	26.70136351390614	111.21516276056383
-7.98	93.99697341407168	26.73660748672371	112.34921926404746
-7.92	90.01440688127641	26.77339140522383	113.50501753311453
-7.86	85.45399348666894	26.811386334907294	114.67351268932052
-7.8	80.18170462494716	26.850332774903524	115.84870080776767
-7.74	74.0195634161743	26.890169843056114	117.03005441665547
-7.68	66.72617642556015	26.931095737106038	118.2229644832897
-7.62	57.96598351354841	26.973520621147077	119.43653956260411
-7.56	47.25888380201452	27.01791009968147	120.67898269644374
-7.5	33.89420969230454	27.064558801656972	121.95167471099217
-7.44	16.776737748604756	27.11336444036998	123.24373914575037
-7.38	-5.863801374838356	27.163683035347542	124.52903483000391
-7.32	-37.05294766769768	27.214331685325103	125.76711712951364
-7.26	-82.30267841422119	27.263766979587924	126.9087437116419
-7.2	-152.39022849478604	27.310411519195885	127.90514302415068
-7.14	-270.0236309713235	27.353044119266535	128.71888486490266
-7.08	-486.78509679727466	27.391134721749626	129.33332182186047
-7.02	-928.580542207512	27.425013023115678	129.75767691230686
-6.96	314.46651300794616	27.455812501533128	130.02604594126504
-6.9	221.17603025266058	27.48520798335381	130.1904628269365
-6.84	172.4933369741401	27.51503188965924	130.30999570618596
-6.78	144.56986277042097	27.54688567707639	130.43890509708893
-6.72	127.05446771923278	27.58185245745584	130.6169091423688
-6.66	115.18426988928533	27.62037599619587	130.86373916754565
-6.6	106.61823315947959	27.662318360336627	131.17885965105648
-6.54	100.12328173628443	27.707158680511846	131.5458819368749
-6.48	95.0046114805012	27.75425963561942	131.94009804664546
-6.42	90.84576082802911	27.80311467616065	132.33688782563212
-6.36	87.38322805767831	27.853502384533076	132.71866381367857
-6.3	84.44243138074755	27.905511511064052	133.07858287389553
-6.24	81.90313119367755	27.9594480596278	133.42034342800352
-6.18	79.67977176873507	28.01567603546786	133.75464907772545
-6.12	77.70977513021055	28.074461292755203	134.09390731758486
-6.06	75.94628031440219	28.13587855119799	134.44711710734242
-6.0	74.35347701288613	28.199811096404005	134.8166084538671
-5.94	72.90351239562064	28.26603389577089	135.19750470006576
-5.88	71.57438461505618	28.334338561128646	135.57979277253506
-5.82	70.34847381284197	28.404644473704693	135.95203137237962
-5.76	69.21149597828764	28.477049248359943	136.30525672122536
-5.7	68.15174389494545	28.551799347986037	136.63569012001182
-5.64	67.15952709871448	28.629196206842664	136.94537552892479
-5.58	66.22675239370353	28.70948016280424	137.2406753002138
-5.52	65.3466053297664	28.792742962741098	137.5293251448888
-5.46	64.5133053185019	28.878906715184524	137.817215012437
-5.4	63.721915213478994	28.967778665956622	138.1060755181637
-5.34	62.96819169077087	29.059158812344474	138.39284279642766
-5.28	62.248466554583786	29.152954409973244	138.67082426441056
-5.22	61.55955173790211	29.249251587251916	138.93213525418344
-5.16	60.89866264101459	29.348311625164	139.17044710968744
-5.1	60.26335579435153	29.45049106723085	139.38302238992333
-5.04	59.651477807577606	29.556117474345992	139.57132366253916
-4.98	59.061123283169884	29.665372517849345	139.7400428115118
-4.92	58.490599904181224	29.778232715986743	139.89498926392736
-4.86	57.938399304105715	29.8944956505511	140.04067490373086
-4.8	57.40317262788042	30.01388460912845	140.17850253981763
-4.74	56.88370992271462	30.136191167306823	140.30619804576435
-4.68	56.37892267401699	30.261397203976568	140.41864008447027
-4.62	55.88782893849553	30.38972360584535	140.50972145426456
-4.56	55.40954063325741	30.521581244558057	140.57451032157638
-4.5	54.94325262360804	30.657439723196056	140.61089551095483
-4.44	54.48823331856674	30.797664519192992	140.620121446903
-4.38	54.04381653587747	30.94238871090101	140.6060549897735
-4.32	53.60939444051054	31.09147442962422	140.57350700699752
-4.26	53.184411394619964	31.244585011144125	140.52627236674374
-4.2	52.76835858439624	31.401344290272185	140.46563073639933
-4.14	52.36076931158668	31.561522126741806	140.38985022179367
-4.08	51.96121485569848	31.725170875607837	140.2948434045673
-4.02	51.569300827866144	31.892653553860036	140.1756921338104
-3.96	51.1846639496986	32.06454599952085	140.02844296872254
-3.9	50.80696920063036	32.2414463238482	139.85149194556573
-3.84	50.435907285779706	32.42376469454208	139.64605148461794
-3.78	50.07119238339266	32.611578263945226	139.4155528695532
-3.72	49.712560136871765	32.80461403145061	139.16424321003558
-3.66	49.35976586136516	33.002373921047564	138.8955303011785
-3.6	49.012582939085256	33.20435935096146	138.6107047307534
-3.54	48.67080138107478	33.41030950185935	138.30850631273412
-3.48	48.3342265361483	33.62035683059936	137.98567143358275
-3.42	48.00267793030079	33.83503166389859	137.63822725344946
-3.36	47.67598822206253	34.05510558246925	137.26302564935182
-3.3	47.354002261154335	34.28132839229987	136.85893321209977
-3.24	47.03657623940596	34.51415943708554	136.42723847480227
-3.18	46.7235769242876	34.75360149775798	135.97114496012193
-3.12	46.41488096660113	34.999209998053686	135.4945678054268
-3.06	46.1103742749155	35.25028375217437	135.0007080773328
-3.0	45.80995145023158	35.50617068614481	134.49094795077787
-2.94	45.51351527514657	35.76657155198817	133.96447260534234
-2.88	45.22097625247379	36.03171857586493	133.41874005145945
-2.82	44.93225218887452	36.30234968266577	132.85059878213798
-2.76	44.64726781958711	36.57947744290426	132.25761518619655
-2.7	44.36595447080359	36.86403478315288	131.63910473137986
-2.64	44.08824975665723	37.156533301464364	130.9964854366366
-2.58	43.81409730814978	37.4568720024998	130.33283845475847
-2.52	43.543446531674476	37.764381479641266	129.6518639473371
-2.46	43.276252395083134	38.07809915710757	128.95664368960513
-2.4	43.0124752395093	38.39717832415181	128.24868236351534
-2.34	42.75208061539866	38.72127410909287	127.52758024229958
-2.28	42.49503914141436	39.050749594597576	126.79144228215779
-2.22	42.24132638508556	39.38660893931289	126.03784908455475
-2.16	41.990922764251415	39.73016938881565	125.26500851273067
-2.1	41.74381346852526	40.082589679944796	124.47264834388942
-2.04	41.49998840016565	40.44443591616125	123.66231940171113
-1.98	41.25944213389524	40.815460483588375	122.83701067187852
-1.92	41.02217389535712	41.194694225771926	122.00024152065072
-1.86	40.78818755804223	41.580832946059175	121.15498928821458
-1.8	40.5574916586648	41.97278058834749	120.30286159758802
-1.74	40.33009943110357	42.370140342633675	119.4438175509995
-1.68	40.106028859171225	42.77345341108397	118.57652606738135
-1.62	39.88530274862096	43.1840751946434	117.6992074366633
-1.56	39.66794881895111	43.60371837234574	116.81062660077475
-1.5	39.453999815728174	44.03382745595176	115.91085840379844
-1.44	39.243493644317404	44.475025329820866	115.00154163963246
-1.38	39.036473526089665	44.92685646892427	114.0855406180863
-1.32	38.83298817836819	45.38794615445767	113.1661603704739
-1.26	38.63309201958974	45.85653657612457	112.2462262697581
-1.2	38.43684540138579	46.33120804459227	111.32737968383724
-1.14	38.2443148695448	46.81150757402193	110.4098476268658
-1.08	38.05557345609814	47.29822725474298	109.4927570773726
-1.02	37.87070100508797	47.79320031050264	108.57485734966477
-0.96	37.68978453492723	48.29866884018233	107.65536446159547
-0.9	37.51291864065776	48.81645159630183	106.73460402464013
-0.84	37.34020593986029	49.34723225361666	105.81421533945598
-0.78	37.17175756647582	49.89025856144697	104.89685363271988
-0.72	37.00769371737332	50.443596699296705	103.98552049995877
-0.66	36.84814425715488	51.00487356084862	103.08278933336217
-0.6	36.693249387439636	51.572241042150296	102.19022214398242
-0.54	36.543160387727426	52.14519034326146	101.30819007768471
-0.48	36.39804043593296	52.72488053868807	100.43614924252505
-0.42	36.258065517822885	53.313819862445555	99.57324987582787
-0.36	36.12342543590644	53.914988127319546	98.71903556358318
-0.3	35.99432492986355	54.53071721261647	97.87396377914912
-0.24	35.870984922372664	55.16176111236396	97.03955649083149
-0.18	35.75364390628005	55.80693739417357	96.21813786588602
-0.12	35.642559491481634	56.463519349800976	95.41227579081662
-0.06	35.538010132741405	57.128272126453744	94.62415226213966
0.0	35.440297063028105	57.79876237802663	93.85510454406077
0.06	35.349746460917665	58.47443563252964	93.10550244590912
0.12	35.26671188530665	59.1570136894468	92.37499158777555
0.18	35.19157701626828	59.85000743057191	91.6629924471116
0.24	35.124758747546316	60.55748198922917	90.96925293053658
0.3	35.066710684162	61.28251857068311	90.29424072286828
0.36	35.01792710820099	62.02596586582768	89.63923251724961
0.42	34.97894748742225	62.785997924821345	89.00608081035168
0.48	34.95036161535607	63.5587118855749	88.39676506200674
0.54	34.93281548862791	64.33960378575921	87.81291222297047
0.6	34.92701804811008	65.12539860733713	87.25547284826926
0.66	34.93374893613077	65.91552785120177	86.72466729247962
0.72	34.95386745360151	66.71263453338426	86.2202048952338
0.78	34.98832294016634	67.5218297264256	85.7416734249275
0.84	35.038166849428364	68.34890563403695	85.28893618789505
0.9	35.10456685271887	69.19814168608312	84.86238050310551
0.96	35.18882338237735	70.07054777650711	84.46292876241719
1.02	35.29238912394299	70.96327942074623	84.09182362537473
1.08	35.41689209250925	71.87055563636244	83.7502901644761
1.14	35.564163090537114	72.78584358800589	83.439221796613
1.2	35.736268554632936	73.70454823383633	83.15901668638305
1.26	35.93555007365899	74.62617214089424	82.909619225281
1.32	36.16467222297816	75.55502799148329	82.69073139344752
1.38	36.42668084184265	76.4990861187642	82.50209005272126
1.44	36.725074528667285	77.46725127360384	82.34368506243977
1.5	37.063893007936464	78.4660149846766	82.21582553162119
1.56	37.447827228511315	79.4967611556874	82.1190329034455
1.62	37.88235772738685	80.55486528177835	82.05381993799853
1.68	38.37393014700874	81.63113840125942	82.02046851272512
1.74	38.93018014982267	82.71530293931485	82.01892004568708
1.8	39.560224828567	83.80034453063227	82.04883736241513
1.86	40.27504484947624	84.88609407985744	82.10981108086024
1.92	41.08799224969985	85.98050392891747	82.20160857660657
1.98	42.01547511402353	87.09782415372622	82.32433551542974
2.04	43.07789577271993	88.25402806217157	82.47841231267857
2.1	44.3009597340918	89.46096209921112	82.66434806816825
2.16	45.71753905311535	90.72137390700695	82.88239166565403
2.22	47.37038603568232	92.02692360914878	83.13221538564562
2.28	49.31618880376316	93.36045808583239	83.41280473341475
2.34	51.63181396641771	94.70241330190203	83.72266890080583
2.4	54.42424737118363	96.03960838320825	84.06035939599835
2.46	57.847052463809774	97.37346344726492	84.42513586467709
2.52	62.12885837617283	98.7243551673863	84.81751400434949
2.58	67.62519453592739	100.12969015297395	85.23942326927269
2.64	74.91808277653706	101.63512282967562	85.69380204787936
2.7	85.01860413304705	103.28054365104492	86.18363073424744
2.76	99.80287020833399	105.08427282378136	86.71059219263903
2.82	123.00125297280425	107.0297969413713	87.27370130919049
2.88	162.54977081459077	109.05919793791054	87.86831900659998
2.94	236.3991246187388	111.07616593203466	88.48592804593491
3.0	-1312.9944097764	112.95926771726892	89.11487991646794
3.06	-699.483923324928	114.58327005507206	89.74204496965237
3.12	-428.23416411858597	115.84352285080581	90.35499135596497
3.18	-286.0609448806442	116.67679796159516	90.94410395473895
3.24	-204.04792489341014	117.07252052646024	91.5040373906756
3.3	-152.59008260038075	117.07115063243961	92.03410110280423
3.36	-117.98660480653237	116.75057631784554	92.53752028047353
3.42	-93.40080001342366	116.20508880880325	93.01986358832788
3.48	-75.16498429278538	115.52338762565947	93.48714882426641
3.54	-61.176555820608215	114.77162030896093	93.9441720824903
3.6	-50.157472403860226	113.98522522601442	94.3934737094105
3.66	-41.29080380444986	113.17035898371896	94.83512279071256
3.72	-34.031615331527576	112.31294252364467	95.26725025504992
3.78	-28.0030890256698	111.39151746839815	95.68705774146996
3.84	-22.93660549159587	110.38951313195938	96.09192481978089
3.9	-18.635649894940897	109.30325202844966	96.48025430503859
3.96	-14.953224438591523	108.14380695449819	96.85182266442173
4.02	-11.777233611094246	106.93305635651689	97.20759235419668
4.08	-9.020747745586782	105.69617737549203	97.54912693541341
4.14	-6.615347934723662	104.45372778121435	97.87786557744394
4.2	-4.506472891273216	103.2161851721242	98.19452877252573
4.26	-2.6500994361283645	101.98258832561226	98.498848431507
4.32	-1.0103314634825793	100.74330316315564	98.78968070840486
4.38	0.4423797240331133	99.48549870363695	99.06542036849702
4.44	1.7325683142857748	98.1991125980764	99.32453847042626
4.5	2.8807655495656377	96.88112115238312	99.56603949493378
4.56	3.9042767198810466	95.5367339468147	99.7896825806798
4.62	4.817784589668431	94.17737295167771	99.9959110196514
4.68	5.6338227941221675	92.81648510965829	100.18554469963307
4.74	6.36315070334571	91.46493502485126	100.35937075475005
4.8	7.0150528321822385	90.12771512640597	100.51779174809931
4.86	7.597579902358685	88.8030697712841	100.66065483127164
4.92	8.117744375028465	87.48415398882715	100.78730805214201
4.98	8.58168015525819	86.16241443546872	100.89684284573461
5.04	8.994773880214165	84.83131287858328	100.98841694801196
5.1	9.36177350315694	83.48898633628252	101.06153120846454
5.16	9.686878611631471	82.13893162921188	101.11616135515203
5.22	9.973815955118898	80.78860523043147	101.1527080160088
5.28	10.225902923001055	79.44662015878117	101.17179950369017
5.34	10.446101149219473	78.11969826198256	101.17403460906976
5.4	10.637061982911874	76.8105405362906	101.15976838398848
5.46	10.80116522344682	75.51734817738836	101.12901942361941
5.52	10.940552250686231	74.23505916074399	101.08152464548289
5.58	11.057154469904589	72.95772157501001	101.01690881180777
5.64	11.152717822782524	71.68103684817743	100.93489377328817
5.7	11.228823981602265	70.40410051103137	100.83546183545042
5.76	11.286908735854489	69.12972948702071	100.718911170488
5.82	11.328277993293277	67.86334003106053	100.58578799191011
5.88	11.35412174671298	66.61089717958208	100.43673081440839
5.94	11.365526300010817	65.37677933360342	100.2722963109052
6.0	11.363484999820876	64.16238045436742	100.09284102805334
6.06	11.348907680108912	62.965939921783075	99.89850753994536
6.12	11.322628994984488	61.783593866302354	99.68931850325092
6.18	11.285415788337247	60.611176653188124	99.46533592388558
6.24	11.237973626718876	59.44603737985382	99.22681439385269
6.3	11.180952603356314	58.288163754255805	98.9742778721112
6.36	11.114952505641124	57.140204929095546	98.70848009438521
6.42	11.04052742536711	56.006432375098285	98.43025750235213
6.48	10.958189879955697	54.89109363138219	98.14033179121672
6.54	10.868414503569756	53.79683585298746	97.83914762491275
6.6	10.771641359086622	52.72382768615289	97.52682764352886
6.66	10.66827891514955	51.66992230913311	97.20329106197062
6.72	10.558706726751641	50.63180041554223	96.86852525908203
6.78	10.44327785287047	49.606662123634344	96.5229411582379
6.84	10.322321040435156	48.59383392167827	96.16770385258162
6.9	10.196142700262072	47.5956916380746	95.80492511385047
6.96	10.065028697450625	46.617557358602944	95.43763795364008
7.02	120.029245976012	45.66660659384903	95.06953549931093
7.08	119.8890440351478	44.75017323197752	94.7045267359496
7.14	119.74465627254901	43.87403061883029	94.34621667199494
7.2	119.59630120830614	43.0411973832618	93.99744048231403
7.26	119.44418360146739	42.25159853366877	93.65996439090048
7.32	119.28849546992538	41.50260376426427	93.3344176159221
7.38	119.12941702312536	40.79018047961684	93.0204558047891
7.44	118.96711751604472	40.11022871873624	92.71709618615206
7.5	118.80175603197921	39.459652707062595	92.42312462900028
7.56	118.63348220086355	38.83686070614792	92.13746480299318
7.62	118.46243685914548	38.24161466335829	91.85942086147428
7.68	118.28875265660199	37.674386754507054	91.58874977336069
7.74	118.11255461493244	37.135535340890776	91.32557303402115
7.8	117.93396064247098	36.62463819514784	91.07018308962503
7.86	117.75308200892275	36.140220606800455	90.82282388428567
7.92	117.57002378364089	35.67994126896603	90.583521862025
7.98	117.38488524061593	35.24112099794946	90.35201720215437
8.04	117.19776023303922	34.82138162141641	90.12780589648513
8.1	117.00873754002956	34.41914082200617	89.91026522015238
8.16	116.81790118786425	34.033783606004654	89.69881019436595
8.22	116.62533074783627	33.66546819246982	89.49302355572229
8.28	116.43110161266264	33.31466728289572	89.29271642658524
8.34	116.23528525319138	32.98163901395041	89.09790478515595
8.4	116.03794945699548	32.66603321931601	88.90871743594224
8.46	115.83915855029963	32.366771121902346	88.72527374979003
8.52	115.63897360455663	32.082223292260906	88.54757681905745
8.58	115.43745262887336	31.810597514899232	88.3754585548712
8.64	115.23465074938312	31.550375876251174	88.20859215294479
8.7	115.03062037656456	31.300632194243427	88.04656250465916
8.76	114.82541136142288	31.061116468330493	87.8889653692106
8.82	114.61907114137108	30.83208856939263	87.73549792312183
8.88	114.41164487657889	30.61398015724453	87.58600879118504
8.94	114.20317557749266	30.407023870100517	87.44049211460798
9.0	113.99370422417209	30.210991357741392	87.29903117905639
9.06	113.78326987803726	30.025130654131043	87.1617148653014
9.12	113.5719097865701	29.848312730590496	87.02855853514124
9.18	113.35965948147268	29.67931879447679	86.89945751117035
9.24	113.14655287074348	29.517151792197126	86.77418801180568
9.3	112.93262232509683	29.361253137846198	86.65245257324852
9.36	112.71789875911807	29.21154793121754	86.53395118805835
9.42	112.50241170751599	29.068311357447673	86.41845109883815
9.48	112.28618939680659	28.93191754600915	86.3058299981949
9.54	112.06925881273739	28.802572939270135	86.19607821425424
9.6	111.85164576373697	28.68013512506268	86.08926101442357
9.66	111.63337494065478	28.564079089700016	85.98545658405808
9.72	111.41446997303498	28.453613948613018	85.88469333060334
9.78	111.19495348215179	28.347897393455185	85.7869092934287
9.84	110.9748471310157	28.24626189268374	85.69194737098651
9.9	110.75417167154583	28.14836677122459	85.59958648228302
9.96	110.53294698908965	28.054222563817135	85.50959574561236
10.02	110.31119214445751	27.9640854034551	85.42179093218088
10.08	110.08892541362877	27.878268935417676	85.33607245406557
10.14	109.86616432527478	27.79694967683767	85.2524317032617
10.2	109.64292569623338	27.720039139413164	85.17092465722604
10.26	109.41922566506153	27.647166086003097	85.09162370187698
10.32	109.19507972378287	27.577768679609978	85.01456616500154
10.38	108.97050274793955	27.51125579894358	84.93971851411433
10.44	108.74550902505055	27.4471733984492	84.86696869243788
10.5	108.52011228157116	27.38531299313573	84.79614830395894
10.56	108.2943257084429	27.325724125754576	84.72707538630671
10.62	108.0681619853166	27.268631148480015	84.6596013051188
10.68	107.84163330352581	27.214291246548797	84.59364435888828
10.74	107.61475138788398	27.162850766934987	84.529198162441
10.8	107.38752751737205	27.11425375702638	84.46631258170505
10.86	107.15997254478074	27.068233480242807	84.40505520019987
10.92	106.9320969153666	27.024385060344862	84.3454681988735
10.98	106.7039106845777	26.982287706963664	84.28753668710354
11.04	106.47542353490081	26.941628265321782	84.23117973398858
11.1	106.24664479187925	26.90227947818014	84.17626660861667
11.16	106.01758343934746	26.864305480786282	84.1226513829116
11.22	105.7882481339247	26.827896154141783	84.07021250824481
11.28	105.55864721880917	26.79325919102599	84.01888255567346
11.34	105.32878873690986	26.76051312847933	83.96865740201679
11.4	105.09868044335218	26.729621338265886	83.91958209821699
11.46	104.8683298173909	26.700388979685243	83.87171940272665
11.52	104.63774407376168	26.672520340840293	83.82511320309659
11.58	104.40693017350122	26.645712029617126	83.77976053643296
11.64	104.17589483426391	26.61974543332032	83.73560227792905
11.7	103.94464454016106	26.594543621705217	83.69253533522254
11.76	103.71318555114777	26.570172724781465	83.65044114698328
11.82	103.48152391198067	26.54679001584493	83.60921940515624
11.88	103.24966546076851	26.524561363652182	83.56881430163243
11.94	103.0176158371367	26.50358106782778	83.52922374203575
12.0	102.7853804900245	26.48382394088906	83.49048859633118
12.06	102.55296468513473	26.465145438048086	83.45266659661657
12.12	102.32037351205213	26.447327008135	83.41580107972473
12.18	102.08761189104757	26.430147505542852	83.3798963673133
12.24	101.85468457958359	26.41345277618396	83.34490872663517
12.3	101.62159617853571	26.397197233532633	83.31075578460377
12.36	101.38835113814383	26.381442835006016	83.2773403277694
12.42	101.15495376370652	26.36631791579693	83.24457918911581
12.48	100.92140822103086	26.351953767930173	83.2124262834208
12.54	100.68771854164939	26.33842429717453	83.18088133792186
12.6	100.45388862781559	26.325711148145412	83.14998146029721
12.66	100.21992225728833	26.313705641442848	83.11977920936597
12.72	99.98582308791507	26.302244697483985	83.09031578677052
12.78	99.75159466202359	26.29116574377671	83.06159952430015
12.84	99.51724041063126	26.280359266147283	83.03359753766811
12.9	99.28276365747982	26.269799238588703	83.00624325753986
12.96	99.04816762290454	26.25954075059171	82.97945654433371
13.02	98.81345542754475	26.2496873073624	82.95316848605539
13.08	98.57863009590332	26.240341976053333	82.92734143775675
13.14	98.34369455976193	26.23156188084399	82.90197689985041
13.2	98.1086516614587	26.223332851956965	82.87710861618372
13.26	97.87350415703429	26.215572326368765	82.8527839263948
13.32	97.6382547192525	26.208157809836433	82.82904074911572
13.38	97.40290594050094	26.200969138559536	82.80588898776539
13.44	97.16746033557712	26.193928190669986	82.78330320805355
13.5	96.93192034436476	26.187021111670983	82.76122899173328
13.56	96.69628833440584	26.18029525107732	82.73960016766335
13.62	96.46056660337214	26.173833189335383	82.71836011034614
13.68	96.22475738144118	26.167715108842106	82.69747894028514
13.74	95.98886283358047	26.161984531979467	82.67696022005401
13.8	95.7528850617443	26.15663000255739	82.6568348973007
13.86	95.51682610698629	26.15158841528429	82.63714516383932
13.92	95.28068795149207	26.146767507905125	82.61792466505021
13.98	95.04447252053468	26.14207831432817	82.59918269046148
14.04	94.80818168435664	26.137465084267994	82.58089823580805
14.1	94.57181725998117	26.132921416560407	82.56302591308274
14.16	94.33538101295629	26.128486945812675	82.54551113583722
14.22	94.09887465903367	26.12422679368367	82.52830853525704
14.28	93.86229986578579	26.120202705179572	82.51139644807826
14.34	93.62565825416338	26.11644739584334	82.49478195660348
14.4	93.38895139999605	26.112951439212345	82.4784947062646
14.46	93.15218083543778	26.109666620426292	82.46257210963326
14.52	92.9153480503606	26.106523529266138	82.44704185589758
14.58	92.67845449369722	26.103456273844035	82.43190862475181
14.64	92.44150157473572	26.100424881383496	82.41715024064472
14.7	92.20449066436807	26.09742700864536	82.40272489370392
14.76	91.96742309629349	26.094494912371115	82.38858687457972
14.82	91.73030016817972	26.09167964579585	82.37470505728474
14.88	91.49312314278302	26.089029446531896	82.36107728685174
14.94	91.25589324902862	26.08657099694968	82.34773528895302
15.0	91.01861168305331	26.084300273910706	82.33473817415103
15.06	151.88127960921204	26.08218548446839	82.32215673926092
15.12	151.6438981610491	26.08018006937076	82.31005399053318
15.18	151.40646844223568	26.07824037268008	82.29846845056586
15.24	151.16899152747564	26.076341139618076	82.28740556042182
15.3	150.9314684633797	26.074482992996227	82.27683946302987
15.36	150.69390026930995	26.072689330672276	82.26672383687088
15.42	150.45628793819552	26.070994465558904	82.25700750921443
15.48	150.21863243732088	26.069428272862176	82.2476492636781
15.54	149.98093470908728	26.068003534510414	82.23862693738847
15.6	149.74319567174865	26.066710492408173	82.2299382648867
15.66	149.50541622012304	26.065520041752414	82.22159405859728
15.72	149.26759722628015	26.064393894992442	82.21360703285443
15.78	149.02973954020604	26.063297762196953	82.2059808915406
15.84	148.79184399044607	26.06221259347014	82.19870381679732
15.9	148.55391138472638	26.061139635587782	82.19174853673847
15.96	148.31594251055537	26.060097517596027	82.18507854299757
16.02	148.07793813580503	26.059112904239704	82.17865775538449
16.08	147.83989900927384	26.058208814875904	82.17245978233385
16.14	147.60182586123102	26.05739525399564	82.1664732648034
16.2	147.3637194039436	26.056665376015502	82.16070143889286
16.26	147.12558033218625	26.05599806330697	82.15515634074433
16.32	146.88740932373472	26.055365581782265	82.14985009862302
16.38	146.649207039844	26.054743385163988	82.1447867402702
16.44	146.4109741257106	26.05411841054445	82.13995757282527
16.5	146.1727112109209	26.053492700106048	82.13534169951471
16.56	145.93441890988487	26.052881036805996	82.13091124854483
16.62	145.69609782225615	26.052303830431423	82.12663915392538
16.68	145.45774853333933	26.05177841529899	82.12250645827766
16.74	145.21937161448437	26.051312235006797	82.11850639538591
16.8	144.98096762346842	26.05090020744399	82.11464382569459
16.86	144.74253710486656	26.050526797066485	82.11093041788884
16.92	144.5040805904103	26.050171760349937	82.10737757068082
16.98	144.2655985993356	26.04981742405914	82.10398983396935
17.04	144.02709163872012	26.049454803383043	82.1007612693169
17.1	143.78856020380996	26.049086187368864	82.0976759785507
17.16	143.55000477833687	26.048723215742346	82.09471243000489
17.22	143.3114258348254	26.048381442922615	82.0918498198939
17.28	143.0728238348912	26.0480738420691	82.08907400954247
17.34	142.83419922953016	26.04780585334626	82.08638081516658
17.4	142.59555245939873	26.04757359346648	82.08377549790922
17.46	142.35688395508615	26.047365514966344	82.08126878646559
17.52	142.11819413737857	26.047166721819814	82.07887107051921
17.58	141.87948341751508	26.04696438796373	82.076587023
17.64	141.64075219743643	26.046752291321337	82.07441264166805
17.7	141.40200087002637	26.046532666025495	82.07233570792526
17.76	141.16322981934587	26.046314635908317	82.07033935558648
17.82	140.92443942086058	26.04611003765368	82.06840730591719
17.88	140.68563004166134	26.045928554157523	82.06652875218354
17.94	140.44680204067902	26.045774116557837	82.06470106493701
18.0	140.20795576889228	26.04564370190305	82.06292936630527
18.06	139.96909156952995	26.04552865534177	82.0612232454239
18.12	139.7302097782674	26.04541793432535	82.0595919665769
18.18	139.49131072341714	26.045302157458472	82.05804003315758
18.24	139.25239472611435	26.04517698610465	82.05656474832097
18.3	139.01346210049672	26.045044459232223	82.05515659497014
18.36	138.7745131538795	26.044911714934354	82.05380218447205
18.42	138.53554818692547	26.044787761422036	82.05248858728392
18.48	138.29656749381024	26.044679816932778	82.0512073809971
18.54	138.0575713623827	26.044590696861434	82.04995689881966
18.6	137.81856007432114	26.04451801939868	82.04874188295611
18.66	137.57953390528507	26.044455253530682	82.04757076343255
18.72	137.34049312506278	26.044394158326007	82.04645168270197
18.78	137.10143799771458	26.04432782047591	82.04538881285187
18.84	136.86236878171263	26.04425319526851	82.04438032733024
18.9	136.6232857300762	26.04417207583877	82.04341871099551
18.96	136.38418909050392	26.044090046502387	82.0424932048725
19.02	136.14507910550208	26.044013970046755	82.04159340606293
19.08	135.90595601250922	26.043949224725502	82.0407126418109
19.14	135.6668200440179	26.043897810381292	82.03984985143329
19.2	135.4276714276927	26.0438578362053	82.039009305896
19.26	135.18851038648518	26.04382434642777	82.03819834352592
19.32	134.94933713874582	26.04379115320171	82.03742405532975
19.38	134.71015189833298	26.04375312520407	82.03669021123955
19.44	134.47095487471864	26.043708113264746	82.03599556374483
19.5	134.23174627309194	26.043657660480967	82.03533410033864
19.56	133.9925262944592	26.043606141485657	82.0346970789772
19.62	133.7532951357419	26.04355879331171	82.03407603465587
19.68	133.51405298987189	26.043519622370688	82.03346560583243
19.74	133.27480004588398	26.043490037113173	82.03286511797911
19.8	133.03553648900612	26.043468530095954	82.03227835625482
19.86	132.79626250074756	26.043451323846824	82.03171167219284
19.92	132.55697825898417	26.043433745644858	82.03117120642318
19.98	132.31768393804197	26.043411959820613	82.03066031105759
20.04	132.07837970877827	26.043384441231105	82.03017812444082
20.1	131.83906573866085	26.04335250093013	82.02971977757332
20.16	131.5997421918451	26.043319574137165	82.02927809646904
20.22	131.3604092292489	26.04328966539347	82.02884612463039
20.28	131.12106700862608	26.043265758285187	82.02841950158756
20.34	130.88171568463758	26.043248835026542	82.02799780129257
20.4	130.64235540892105	26.043237691552314	82.02758434659343
20.46	130.40298633015843	26.043229438115855	82.02718461809198
20.52	130.16360859414215	26.043220527100225	82.02680391618682
20.58	129.9242223438395	26.043208070925107	82.0264451901656
20.64	129.68482771945511	26.043190981952005	82.02610783627247
20.7	129.44542485849257	26.04317036617687	82.02578786787215
20.76	129.20601389581367	26.04314892984004	82.02547934575307
20.82	128.9665949636968	26.04312974177637	82.02517650366188
20.88	128.7271681918936	26.043115022263915	82.02487575840316
20.94	128.48773370768424	26.043105447898757	82.02457684533596
21.0	128.24829163593137	26.043100056930236	82.02428266546765
21.06	128.00884209913283	26.043096632557845	82.02399794148423
21.12	127.76938521747287	26.04309246731879	82.02372724083199
21.18	127.52992110887232	26.043085371495746	82.02347314018888
21.24	127.29044988903725	26.04307456591119	82.02323520877201
21.3	127.05097167150687	26.043060980552063	82.02301015013485
21.36	126.81148656769989	26.043046755658878	82.02279300927285
21.42	126.57199468695993	26.043034248096276	82.022578970952
21.48	126.3324961365998	26.043025107604503	82.02236506495207
21.54	126.09299102194467	26.04301979272357	82.02215113252811
21.6	125.85347944637437	26.04301753650072	82.02193969883517
21.66	125.61396151136442	26.04301663502713	82.02173483216475
21.72	125.3744373165263	26.043015011402552	82.02154046542395
21.78	125.13490695964663	26.04301099244017	82.02135883886238
21.84	124.89537053672557	26.043004017597916	82.02118963808056
21.9	124.65582814201406	26.042994868540003	82.0210301137267
21.96	124.41627986805045	26.0429852453513	82.0208761045176
22.02	124.17672580569611	26.042976961602303	82.02072356426413
22.08	123.93716604417023	26.042971239691536	82.02057001329648
22.14	123.69760067108379	26.04296838339573	82.02041536314734
22.2	123.45802977247295	26.042967783102448	82.02026180857463
22.26	123.2184534328312	26.04296812770278	82.02011285482463
22.32	122.97887173514124	26.042967815783747	82.01997188729166
22.38	122.73928476090582	26.042965558516425	82.0198408466453
22.44	122.4996925901781	26.04296095114232	82.01971949696406
22.5	122.26009530159101	26.042954651818164	82.01960552827651
22.56	122.02049297238626	26.04294801749557	82.01949542683164
22.62	121.78088567844243	26.042942445717046	82.01938577569011
22.68	121.5412734943026	26.042938837988444	82.01927449335979
22.74	121.30165649320121	26.04293738892621	82.01916153867776
22.8	121.06203474709038	26.042937616482025	82.01904881792842
22.86	120.82240832666571	26.04293851172142	82.01893935196061
22.92	120.58277730139125	26.042938833387144	82.01883605373312
22.98	120.34314173952428	26.042937580172964	82.01874059899866
23.04	120.10350170813908	26.042934458935623	82.01865280476959
23.1	119.86385727315061	26.04293002577994	82.01857071860462
23.16	119.62420849933737	26.042925369282298	82.01849136124143
23.22	119.38455545036385	26.04292156709642	82.01841183677706
23.28	119.14489818880244	26.042919279058683	82.01833039149639
23.34	118.90523677615498	26.042918623397526	82.01824701666584
23.4	118.66557127287356	26.04291922183972	82.01816336720105
23.46	118.42590173838127	26.04292029891027	82.01808204606998
23.52	118.18622823109202	26.042920887353038	82.0180055573962
23.58	117.94655080843035	26.042920202122133	82.01793534311284
23.64	117.70686952685051	26.042918030542577	82.0178712558382
23.7	117.46718444185528	26.04291484479295	82.01781163799566
23.76	117.22749560801431	26.042911522672394	82.01775395692736
23.82	116.9878030789821	26.042908894671065	82.01769575355831
23.88	116.74810690751555	26.042907437994664	82.01763554789466
23.94	116.50840714549115	26.04290721798178	82.01757335397123
24.0	116.26870384392191	26.042907941080788	82.01751060726326
24.06	116.02899705297362	26.042909012976864	82.017449548312
24.12	115.7892868219811	26.042909675819054	82.01739232549032
24.18	115.54957319946394	26.042909308181425	82.01734017391948
24.24	115.3098562331419	26.042907755833404	82.0172929699882
24.3	115.07013596994999	26.042905422092723	82.01724930276042
24.36	114.8304124560533	26.042903018357475	82.01720701766092
24.42	114.59068573686136	26.042901183036196	82.01716402674066
24.48	114.35095585704248	26.04290025475593	82.01711908203119
24.54	114.11122286053737	26.042900262777277	82.01707221404587
24.6	113.87148679057287	26.042900983003193	82.01702466570487
24.66	113.63174768967518	26.04290196236546	82.01697836076023
24.72	113.39200559968288	26.042902603851374	82.01693513555138
24.78	113.15226056175953	26.04290241065578	82.01689604126896
24.84	112.9125126164064	26.042901271388768	82.01686096993807
24.9	112.67276180347437	26.042899532871864	82.01682872007342
24.96	112.43300816217612	26.042897774277602	82.01679746175962
25.02	112.19325173109773	26.04289648368362	82.0167654269277
25.08	111.95349254821008	26.04289589403702	82.01673156742564
25.14	111.71373065088017	26.042896010522295	82.01669592613555
25.2	111.47396607588216	26.042896666284133	82.01665957563075
25.26	111.23419885940795	26.042897518997975	82.01662415993853
25.32	110.99442903707796	26.04289809591462	82.01659123887939
25.38	110.75465664395126	26.042897995901317	82.01656169868787
25.44	110.5148817145358	26.042897139338436	82.01653544141048
25.5	110.27510428279837	26.04289582658519	82.01651144637654
25.56	110.03532438217412	26.04289453087088	82.01648816682662
25.62	109.79554204557634	26.04289362158185	82.01646411475224
25.68	109.55575730540562	26.042893250558226	82.01643841698716
25.74	109.31597019355901	26.04289340745823	82.01641112607312
25.8	109.07618074143896	26.042893972939467	82.01638316222594
25.86	108.83638897996224	26.042894692121507	82.01635591939892
25.92	108.59659493956832	26.042895188975837	82.01633070930484
25.98	108.35679865022796	26.042895136543727	82.01630826863482
26.04	108.1170001414514	26.042894479113723	82.01628850558117
26.1	107.87719944229653	26.042893478627633	82.01627055837587
26.16	107.6373965813767	26.042892522516823	82.0162531314267
26.22	107.39759158686869	26.042891885408135	82.01623498609244
26.28	107.15778448652009	26.042891656367974	82.01621540516567
26.34	106.91797530765699	26.04289181560876	82.01619444902316
26.4	106.67816407719121	26.042892283611724	82.01617289976967
26.46	106.43835082162752	26.042892875202483	82.01615192456455
26.52	106.19853556707069	26.042893290384125	82.01613260931965
26.58	105.95871833923232	26.042893260431004	82.01611555342816
26.64	105.71889916343773	26.042892747948777	82.01610066857717
26.7	105.47907806463253	26.042891982813398	82.0160872353444
26.76	105.23925506738915	26.042891281997726	82.01607418498516
26.82	104.99943019591325	26.042890843385695	82.01606050488294
26.88	104.75960347404997	26.042890706904014	82.01604561936517
26.94	104.51977492529001	26.042890847643044	82.01602959535437
27.0	104.2799445727758	26.042891219913198	82.01601308780255
27.06	104.0401124393073	26.04289169484667	82.01599705490383
27.12	103.80027854734776	26.042892033036672	82.01598237386119
27.18	103.56044291902955	26.042892012225256	82.01596951624968
27.24	103.3206055761597	26.042891609347453	82.01595839548476
27.3	103.08076654022521	26.042891027116323	82.01594842224452
27.36	102.84092583239868	26.042890523584024	82.01593873653741
27.42	102.60108347354333	26.042890233328087	82.01592853438224
27.48	102.36123948421836	26.042890157208376	82.0159173708847
27.54	102.12139388468393	26.04289026827933	82.01590531851704
27.6	101.88154669490609	26.04289055011726	82.01589291316876
27.66	101.64169793456183	26.0428909201919	82.01588091725297
27.72	101.40184762304372	26.042891188308364	82.01587001193019
27.78	101.16199577946458	26.04289117007449	82.01586054806174
27.84	100.9221424226623	26.04289085388974	82.015852439687
27.9	100.68228757120417	26.042890418952044	82.01584521883989
27.96	100.44243124339138	26.042890072880475	82.01583822126231
28.02	100.20257345726345	26.042889896793916	82.01583083904926
28.08	99.96271423060244	26.04288985983847	82.01582275024928
28.14	99.72285358093717	26.04288993526292	82.01581403201043
28.2	99.48299152554735	26.0428901325811	82.01580510676368
28.26	99.24312808146762	26.0428904083915	82.01579655039205
28.32	99.0032632654916	26.042890613524733	82.01578885695511
28.38	98.7633970941756	26.04289059527309	82.01578226169917
28.44	98.52352958384272	26.04289035140728	82.0157766786979
28.5	98.28366075058636	26.042890040147753	82.01577175545019
28.56	98.04379061027414	26.04288982467352	82.01576701454329
28.62	97.80391917855134	26.042889739635978	82.01576203549253
28.68	97.56404647084454	26.042889727723182	82.01575661376216
28.74	97.32417250236519	26.04288976403772	82.01575083029807
28.8	97.08429728811281	26.042889881798224	82.01574499753956
28.86	96.84442084287869	26.04289007179569	82.01573951079132
28.92	96.60454318124894	26.04289022025417	82.01573468285989
28.98	96.3646643176079	26.042890201843335	82.01573063681883
29.04	96.1247842661412	26.042890022121675	82.01572728660534
29.1	95.88490304083902	26.042889819859777	82.01572439161353
29.16	95.64502065549912	26.04288971769739	82.01572165572536
29.22	95.40513712372984	26.042889708488747	82.0157188403376
29.28	95.16525245895309	26.04288971208291	82.01571585459406
29.34	94.92536667440736	26.042889706743296	82.01571278226388
29.4	94.68547978315047	26.0428897481663	82.0157098274488
29.46	94.4455917980624	26.04288985832536	82.01570720810695
29.52	94.20570273184812	26.042889955299213	82.01570505912521
29.58	93.9658125970403	26.04288993829981	82.01570339352189
29.64	93.72592140600193	26.042889819397537	82.01570212528185
29.7	93.48602917092906	26.042889718489405	82.01570112399128
29.76	93.24613590385316	26.042889719765835	82.01570027192093
29.82	93.00624161664399	26.042889777019425	82.0156995092376
29.88	92.76634632101171	26.042889789583494	82.01569885636862
29.94	92.52645002850967	26.042889740010214	82.01569839876561
30.0	92.28655275053657	26.042889706206388	82.01569823234276
